145.0
3 / 4
Note/Rest,Octave,Len,Offset
G,5,2.625,0.0
C,5,0.25,8.625
F,2,1.875,9.0
C,3,0.125,11.625
D,4,1.0,12.0
E,4,0.125,13.0
F,4,0.75,14.0
E,2,0.125,14.875
E,4,0.125,15.0
G,5,0.375,15.625
D,4,1.0,16.0
G,5,0.125,17.125
C,6,0.125,17.5
E,6,0.25,17.75
G,6,0.75,18.125
E,6,0.125,19.0
C,6,0.625,19.6666666667
G,3,0.125,20.75
G,3,2.125,21.125
F,4,1.25,24.0
D,5,0.125,26.375
E,5,0.25,26.6666666667
F,5,0.375,27.0
D,5,0.25,29.6666666667
G,5,0.25,36.0
E-,4,0.25,36.5
D,4,0.375,37.0
C#,4,0.333333333333,37.5
E,5,0.25,37.875
F,4,0.125,45.25
C#,4,0.625,45.625
E,4,1.125,48.0
E-,4,1.375,51.0
C,2,1.375,54.0
G,5,1.25,58.75
D,5,0.625,60.125
E,5,0.125,60.75
F,5,0.875,61.0
E,5,0.625,62.0
D,5,0.125,62.6666666667
G,3,2.33333333333,66.0
B,4,0.25,68.6666666667
G,3,2.375,69.0
D,6,0.125,71.625
D,3,2.5,71.875
E,4,0.5,76.0
B,3,0.333333333333,76.875
B,3,0.125,77.5
F#,4,0.333333333333,84.625
E,4,0.333333333333,85.625
G,3,0.375,87.0
G,2,2.125,88.0
G,2,4.0,90.6666666667
D,3,2.0,95.5
D,5,0.5,98.0
G,2,0.125,98.875
G,5,1.25,102.0
C,5,0.375,103.666666667
C#,5,0.5,104.375
F,4,1.0,105.125
C,6,0.375,106.375
C#,6,0.333333333333,107.125
E,6,0.375,107.75
C,4,1.0,108.25
E,6,0.5,109.75
G,6,0.875,113.875
G,4,0.25,116.5
E,4,3.375,117.0
F#,4,0.333333333333,122.0
C,5,1.5,123.0
E,2,1.625,126.0
G,4,0.375,127.625
A,2,0.125,130.625
E-,4,0.125,131.75
E,4,0.125,131.875
F,5,0.875,132.0
C,4,0.25,133.25
G,5,0.75,133.5
C,4,0.125,134.875
A,3,0.125,136.375
E,5,1.125,136.625
B,3,0.125,137.875
C#,3,0.25,143.5
D,2,0.125,144.625
G,5,1.0,145.5
F,5,0.25,149.625
E,5,0.25,150.0
C,2,1.125,150.625
C,5,0.875,152.0
F,2,0.5,153.0
B,2,0.25,156.0
A,3,1.125,157.0
G#,3,1.125,159.125
E,5,0.666666666667,160.25
B,4,0.375,161.0
E,3,0.25,161.666666667
A,2,0.125,162.0
E,5,1.5,163.0
C,5,0.5,164.666666667
D,3,1.5,168.0
F#,4,0.125,169.5
D,4,0.25,170.125
E,4,0.125,170.5
F,4,0.25,170.75
E,4,1.5,171.125
F,2,0.25,172.625
E,2,1.375,174.0
G,4,0.25,176.0
E,4,1.0,181.625
G#,3,1.125,183.0
G,3,0.25,184.625
B,4,1.33333333333,186.0
F#,4,1.5,189.125
C#,4,0.375,190.625
B-,4,1.125,195.125
F,5,0.333333333333,199.75
G,2,2.375,201.375
C#,3,6.625,205.125
E-,5,0.25,215.25
G,5,0.25,216.25
G#,4,0.666666666667,217.125
F,5,0.125,219.25
F#,4,0.0,220.0
C,4,0.25,220.625
B-,4,0.5,222.666666667
B-,4,0.333333333333,223.333333333
B-,4,0.25,223.875
G#,3,0.333333333333,225.75
C#,4,0.25,226.375
G,3,0.25,228.25
G,4,2.0,232.375
F,4,0.625,234.75
E,4,2.125,236.25
C,4,3.125,238.666666667
D,6,0.5,246.875
G,5,0.5,248.5
B,7,0.375,252.875
B,6,0.25,253.333333333
G#,2,0.25,336.0
C,5,0.0,337.75
C#,5,0.125,337.875
E-,5,1.0,338.125
E-,5,0.0,339.75
E-,5,0.0,339.875
E-,5,0.125,340.0
G#,5,0.333333333333,340.125
E-,5,0.125,340.5
E-,5,0.125,340.666666667
E-,5,0.125,340.875
E-,6,0.25,343.625
C,6,0.75,344.125
C,6,0.875,345.666666667
C,6,0.75,346.75
B-,5,0.125,347.5
C,6,0.25,347.75
G#,5,1.375,348.333333333
A,2,1.375,350.125
A,2,0.125,351.625
E-,4,0.5,353.125
C#,5,0.25,353.666666667
G,2,0.125,354.5
E,5,0.625,356.0
A,3,0.125,358.666666667
D,6,0.125,360.25
E,6,0.125,361.875
B,6,0.0,362.375
D,3,0.25,363.125
G,2,0.25,364.625
G,6,0.125,372.333333333
C,5,0.125,373.75
D,5,0.125,373.875
D,5,0.125,374.0
E,5,0.0,374.125
G,2,0.25,375.75
C,2,0.25,376.0
C,6,0.25,377.625
B-,5,0.125,377.875
G,5,0.125,379.0
F,5,0.375,379.75
E,5,0.25,380.875
G,3,0.5,381.125
D,4,0.375,382.125
C,5,0.666666666667,383.125
G,4,0.375,384.0
F,4,0.25,386.125
C,5,0.0,391.75
D,5,0.125,391.875
C,2,0.125,392.125
G,5,0.25,392.333333333
E,5,1.5,392.625
G,6,0.125,394.625
B,5,0.5,394.875
B,6,0.125,395.375
G#,6,0.5,395.625
E,7,0.125,396.375
B,6,0.125,396.5
B,7,0.0,396.75
G,2,1.125,399.125
E,3,0.333333333333,400.25
G,2,0.666666666667,403.125
C,2,0.333333333333,404.125
G,2,2.75,407.5
C,1,1.0,411.0
C,4,2.0,0.125
E-,5,0.333333333333,3.125
A,3,0.75,12.0
B,2,0.25,14.625
G#,3,1.25,16.0
E,4,1.0,19.75
F,4,0.875,21.125
A,4,1.5,24.125
E,4,1.25,27.125
B,3,0.125,28.75
C,4,0.75,38.0
A,3,0.75,39.0
B,3,1.0,40.6666666667
G#,3,1.0,43.6666666667
G,3,1.125,45.25
G,3,0.375,46.75
E-,4,0.5,52.6666666667
G,2,1.5,54.125
D,4,0.5,57.25
D,5,1.125,58.75
A,3,0.375,62.0
D,4,0.333333333333,64.0
E,5,1.75,66.0
C,5,0.375,69.0
C,5,0.25,69.625
C#,5,0.125,70.0
C,4,1.125,70.25
A,3,0.25,73.0
B,3,0.875,75.0
F,3,1.66666666667,76.0
E,3,0.375,77.875
G#,3,0.75,79.625
B,4,0.333333333333,84.0
A,4,0.5,85.0
E,5,0.666666666667,86.0
E-,4,1.0,88.75
C,5,0.25,91.625
C,5,0.125,92.0
C,5,0.125,92.625
C,5,2.125,93.125
D,5,1.0,96.625
F#,4,0.25,98.0
F,5,0.666666666667,105.125
F,4,0.25,106.5
D,6,1.375,108.25
D,6,0.125,109.875
F,6,0.625,110.375
G,5,0.75,111.125
D,4,1.125,114.0
E,3,0.25,115.625
C,2,1.625,117.0
B,3,0.625,119.0
C#,3,0.25,119.625
F#,2,2.125,120.0
B,2,0.125,127.625
G,3,0.666666666667,129.0
D,4,0.125,131.75
A,5,0.75,132.0
D,4,0.125,133.5
E,4,1.0,133.625
C,4,0.5,138.125
C,5,0.625,139.625
B-,3,0.875,142.666666667
D,3,0.875,144.0
G,4,2.25,147.0
G,2,1.25,150.625
G,4,0.75,153.0
F,3,0.5,154.625
F,4,1.875,157.0
E,5,0.375,159.125
C,5,0.333333333333,160.125
D,5,0.5,161.0
C,5,0.625,163.0
E,4,0.25,164.0
F,4,0.333333333333,166.625
D,4,0.875,172.625
B,2,1.5,174.0
B,3,1.375,177.0
B,3,0.333333333333,184.625
B,2,0.375,187.75
A,3,0.25,190.666666667
F,4,1.25,192.0
E-,3,1.125,193.666666667
C#,4,0.875,195.125
C,4,0.125,196.625
E,5,0.333333333333,198.125
A,4,0.25,199.125
E,5,0.25,199.875
C,5,0.25,200.333333333
C,6,0.25,202.0
D,5,1.5,202.75
G,5,0.5,205.125
E-,5,0.375,206.333333333
B-,5,0.375,208.5
E-,5,0.5,209.75
G#,4,0.5,213.0
C,4,0.25,215.333333333
C,4,0.666666666667,216.25
F,4,0.25,217.125
C,5,0.25,218.125
C,5,0.25,218.5
C,4,0.25,219.0
C,4,0.375,219.666666667
G,4,0.375,220.625
G,3,1.125,224.875
F,4,0.125,226.375
G,4,0.125,228.25
G,3,0.5,229.75
C,4,2.125,232.375
B,3,2.125,236.25
G,3,1.5,240.75
F#,7,0.375,253.125
C,1,0.25,253.5
E-,3,1.5,342.125
E-,5,0.125,343.666666667
C,5,0.75,344.125
B-,3,0.375,345.125
G#,2,0.333333333333,348.0
E-,4,0.25,349.0
E-,5,0.125,349.625
C,5,0.25,353.125
D,3,2.33333333333,360.25
F,3,0.25,367.125
E,3,0.375,368.125
F,4,0.125,370.125
G,2,0.125,371.0
G,5,0.125,372.375
G,4,0.0,373.25
A,4,0.0,373.375
A,4,0.0,373.5
B,4,0.125,373.5
B,4,0.125,373.625
E,5,0.0,374.0
G,3,1.33333333333,374.125
A,5,0.25,378.125
G,5,0.5,378.375
F,4,0.375,383.125
D,4,0.25,384.0
G,3,0.333333333333,387.125
D,3,0.5,388.125
E,3,0.5,388.666666667
C,5,0.25,392.125
G,2,1.25,395.125
A,6,0.75,400.0
B,3,1.33333333333,3.125
C,3,2.0,6.125
B,2,1.875,12.0
G,4,0.5,16.0
C,5,0.25,16.6666666667
G,3,2.25,18.125
C,4,1.0,21.125
G,5,1.0,22.375
C,4,1.125,24.125
G#,3,0.75,31.6666666667
G,3,1.125,33.0
E,4,0.375,36.0
F,3,1.125,40.6666666667
C,4,0.875,43.6666666667
A,2,1.125,45.25
F,4,0.75,46.75
C,4,1.125,48.125
D,3,1.33333333333,49.75
G,2,1.625,51.125
E,4,1.0,54.125
G#,4,0.5,56.5
C,4,2.125,57.3333333333
F,4,0.375,64.0
D,5,0.25,65.6666666667
E,4,0.333333333333,67.0
C,5,0.5,68.0
C#,4,0.375,69.75
F,5,0.125,70.3333333333
B-,5,0.25,70.625
F,4,0.333333333333,70.875
C#,6,0.25,71.25
C,4,0.25,73.0
C,4,0.5,74.0
E,6,0.25,75.3333333333
D,4,0.125,76.875
D,5,0.25,85.125
C,4,0.5,86.0
D,4,0.25,87.0
B,3,0.75,88.75
D,3,0.25,89.6666666667
A,3,0.625,90.0
E,3,0.125,94.0
E,3,0.25,94.625
D,4,0.375,95.625
A,4,1.125,100.0
D,5,1.0,102.0
G,4,0.25,103.125
C#,4,1.125,105.125
C#,4,0.5,106.5
E,6,0.125,110.5
E-,4,0.625,112.666666667
G,2,1.125,117.5
G,3,0.375,119.0
C,4,1.25,123.125
B,4,0.875,126.0
D,4,0.5,127.625
B-,3,0.875,129.0
F,4,1.125,132.0
E,5,0.875,133.5
D,4,1.125,135.0
G#,2,1.125,139.625
F,3,1.25,141.125
E-,3,1.0,142.666666667
A,3,0.375,144.0
B,3,0.5,147.0
G,2,0.125,148.625
E,3,1.375,150.666666667
C,3,0.375,153.125
D,4,2.0,157.0
C,5,0.25,159.25
G,4,0.125,159.75
D,4,0.125,159.875
E,4,0.666666666667,163.0
G,3,0.5,166.666666667
C,4,0.625,168.0
G,3,1.625,174.0
B,4,0.875,177.0
G,3,0.333333333333,178.666666667
D,3,1.33333333333,181.625
B,3,0.875,183.0
F,3,0.125,184.625
G,4,1.125,186.0
E,4,0.5,187.75
B,1,1.75,189.125
E-,3,1.125,192.0
F,4,0.875,193.666666667
E-,2,1.625,195.125
G,3,4.25,198.125
B,5,1.375,202.75
G#,4,0.25,206.333333333
E-,5,0.25,206.875
C,5,0.125,207.375
E-,5,0.333333333333,208.5
C#,3,3.625,213.125
C#,3,2.875,217.125
E-,4,0.875,220.625
C,4,1.0,222.75
G,4,0.375,224.875
C#,3,4.66666666667,225.75
C#,2,2.75,232.375
E,3,1.625,236.25
G,2,1.625,240.75
D,5,0.75,246.875
D,5,0.375,248.5
G#,3,0.625,338.25
E-,3,1.0,346.125
F#,3,0.375,351.125
G#,4,0.375,353.125
F#,3,2.625,360.75
G,2,1.125,366.25
E,3,0.375,372.0
C,5,0.0,373.666666667
F,5,0.0,374.25
F,5,0.125,374.25
G,5,0.0,374.375
G,5,0.125,374.5
B-,3,1.125,378.125
C,4,0.625,381.125
F,3,0.375,383.125
E,3,1.25,384.125
C#,4,0.25,387.125
F,3,0.25,389.125
C,5,1.25,390.125
C,2,0.333333333333,396.0
G#,5,0.875,400.0
G,4,0.875,1.0
F,3,1.25,3.125
G,3,1.625,6.125
B,3,0.875,19.75
F,4,0.375,22.5
C#,4,0.375,23.125
D,3,1.75,24.125
E,5,2.5,27.25
C,5,0.625,31.6666666667
G,2,0.125,41.625
E,4,0.75,43.6666666667
F,4,0.375,45.6666666667
B-,3,0.666666666667,46.875
D,2,0.125,48.75
F,4,0.875,49.75
F,3,0.25,52.6666666667
A,3,0.75,54.125
E,4,0.375,56.5
F,3,1.875,57.3333333333
C#,4,0.5,70.875
E,5,0.25,75.375
D,5,0.75,76.0
G,4,1.0,88.75
E,3,3.75,90.0
C,4,1.33333333333,96.625
A,4,0.125,98.0
G,4,0.875,102.0
G,3,1.875,105.125
G#,3,0.666666666667,112.75
E,3,1.25,114.0
E,3,1.0,117.875
A,3,0.125,122.0
B,2,1.75,123.125
D,4,1.0,126.0
G,3,0.25,127.666666667
A,2,1.25,129.0
C,5,0.875,132.0
B-,4,0.875,133.5
E,4,0.5,147.0
G,4,0.125,151.125
A,3,0.5,153.125
D,5,0.125,157.625
E,5,0.125,158.0
G,4,0.75,165.125
A,3,0.875,168.0
E,4,0.625,175.0
C,5,0.125,177.0
F,3,0.666666666667,183.0
E-,4,1.33333333333,186.0
C#,4,1.125,189.125
B,2,0.25,190.666666667
C#,5,1.5,192.0
E-,3,1.0,195.125
G,3,1.625,202.75
G,3,6.125,205.125
G,3,7.125,213.125
C#,3,4.66666666667,220.625
E-,4,0.5,225.75
C,4,0.75,229.875
G,3,1.75,232.375
G,2,3.375,236.333333333
E-,3,1.25,338.25
B-,5,0.125,346.5
G#,3,0.75,353.125
C#,5,0.5,355.0
C,4,0.5,360.75
B,6,0.125,361.875
C,4,1.125,362.125
C,4,0.25,383.125
B,3,0.5,384.125
E,3,0.375,396.0
G,6,0.75,400.0
E,5,0.75,3.375
C,4,0.875,19.75
C,4,1.0,22.5
A,4,0.875,58.75
B-,3,0.125,81.0
F,3,0.75,88.75
C,4,1.75,105.125
G,5,0.875,114.0
G,3,0.125,126.0
G,3,0.666666666667,126.125
E,3,1.33333333333,129.0
C#,5,1.125,133.5
F,3,0.625,147.0
G,3,1.125,163.0
D,4,0.25,175.125
E-,2,2.875,192.0
F,4,0.666666666667,195.125
G,5,1.0,202.75
C,4,3.125,205.125
G,5,0.25,208.5
G,5,0.25,209.75
C,4,0.875,213.125
C,4,0.625,214.333333333
C,5,0.375,217.25
C,4,0.375,218.125
G,3,3.625,220.625
C,4,0.333333333333,225.875
F,3,1.66666666667,232.375
C,2,5.625,236.333333333
C,2,0.25,400.125
C,5,0.125,23.125
E,3,1.625,54.125
E,4,0.75,58.875
F#,5,0.125,105.75
C,5,0.25,206.333333333
C,4,1.0,208.5
G#,2,2.875,232.375
C,4,0.0,236.375
F,4,1.5,232.375
