176.0
4 / 4
Note/Rest,Octave,Len,Offset
B,3,0.5,12.625
A,5,0.25,15.0
F,4,3.125,16.0
G,4,0.666666666667,20.625
F,4,1.25,23.875
B-,5,1.25,25.5
B,3,2.25,28.625
B-,5,0.25,30.875
C,4,3.625,31.5
C,5,0.125,36.6666666667
F,5,0.5,36.875
F,5,0.25,37.625
G,5,0.375,37.875
G,5,0.25,38.5
A,5,0.333333333333,38.875
A,5,0.25,39.875
B-,5,1.375,40.125
C#,6,0.25,41.5
D,6,0.333333333333,45.625
C,6,0.125,46.0
D,6,0.25,46.25
F,5,0.125,46.6666666667
B-,5,0.375,47.0
C,6,0.75,48.0
F,5,0.5,49.0
C,5,0.25,49.6666666667
B-,4,0.666666666667,50.0
G#,4,0.125,50.6666666667
A,4,0.375,51.0
D,4,0.25,51.5
F,4,1.5,51.875
D,5,0.125,54.625
F,5,0.333333333333,55.0
A,5,1.875,55.875
D,5,0.625,57.875
F,5,0.125,58.625
A,5,0.375,58.875
A,5,0.625,60.0
F,5,0.125,60.6666666667
D,5,0.25,61.0
D,5,0.625,62.0
F,5,0.125,62.75
A,5,0.5,62.875
G,5,0.333333333333,63.625
A,5,0.25,64.0
E,5,0.125,64.375
C,5,0.25,64.625
B,4,0.625,64.875
G,4,0.125,65.625
B-,4,1.625,66.0
B,3,0.75,68.625
B-,3,1.25,69.875
C,4,1.0,73.625
E,3,1.625,76.0
A,5,0.25,77.625
E,5,0.125,81.25
E-,6,0.25,81.5
C#,6,0.333333333333,81.75
G#,5,0.25,82.125
E-,5,0.25,82.625
C#,5,0.125,82.875
C,5,0.125,83.125
B,4,0.25,83.25
B-,4,0.125,83.5
G,4,0.125,83.75
C,3,1.875,83.875
E-,5,0.5,86.875
D,4,3.75,87.5
C#,5,0.25,91.625
D,5,0.25,92.0
C,5,0.5,96.0
B-,4,0.375,97.0
A,4,0.25,98.0
F,4,0.25,98.25
C,4,0.25,98.625
B-,3,0.25,98.875
G,3,0.25,99.25
G#,3,0.25,99.5
A,3,0.75,99.875
E,3,0.0,100.625
F,3,2.0,100.625
G,4,0.333333333333,102.666666667
A,4,0.25,103.0
B-,4,0.5,104.0
D,5,2.875,105.625
D,5,0.25,109.625
C,5,1.5,110.0
A,4,0.5,112.0
F,5,0.25,113.0
C#,3,0.125,113.875
A,3,0.25,114.0
E,5,0.125,114.666666667
G,5,1.0,114.875
D,5,0.333333333333,116.0
D,4,0.333333333333,116.625
D,4,1.5,117.125
D,5,0.25,119.75
F,5,0.375,120.0
G,2,3.125,120.875
G#,4,0.25,124.125
B,2,0.25,124.5
C,3,0.125,124.75
G,4,0.125,126.333333333
B-,3,0.5,127.0
G#,3,0.0,127.666666667
A,3,1.0,128.0
C,4,1.66666666667,130.0
F,3,2.75,131.875
C,5,0.125,135.75
A,3,0.25,135.875
F,4,0.125,136.75
C,5,0.625,137.0
F,4,0.5,138.125
C,4,0.25,138.75
D,4,0.25,139.0
F,4,0.125,139.375
G,4,0.25,139.75
G#,4,0.125,140.0
D,5,0.25,140.25
F,4,0.25,140.666666667
G,4,0.5,141.0
E,4,0.125,141.666666667
F,4,0.5,142.0
D,4,0.25,142.666666667
A,3,0.625,143.0
F,3,0.125,143.666666667
G,3,0.25,144.0
G#,3,0.375,144.25
F,3,0.125,144.666666667
G,3,0.75,145.0
F,3,1.0,146.0
E-,5,0.125,151.125
D,5,0.125,151.333333333
A,3,0.75,152.0
E-,5,0.625,153.0
C#,5,0.125,153.75
B-,2,0.333333333333,154.625
G,4,0.375,155.0
D,5,0.25,156.125
F,4,0.25,156.625
G,4,0.625,157.0
F,4,0.125,157.75
G#,4,0.625,158.0
F,4,0.25,158.75
D,5,0.333333333333,159.0
C,3,0.25,159.625
D,5,0.25,160.0
B,4,0.25,160.25
G#,4,0.125,160.5
F,4,0.25,160.666666667
D,5,0.375,161.0
G#,4,0.25,161.666666667
A,4,0.25,162.0
F,4,0.25,162.333333333
F,4,0.25,163.0
F,3,0.25,163.375
G#,3,0.125,163.666666667
A,3,0.666666666667,164.0
E,3,1.0,164.875
F,5,0.125,167.5
G#,3,0.5,167.625
C,5,0.125,168.25
B-,4,0.125,168.5
G#,4,0.125,168.75
F,4,0.125,169.0
E-,4,0.125,169.25
D,4,0.125,169.625
C,4,0.125,169.75
G,4,0.25,170.0
E,4,0.125,170.25
F,4,0.25,170.5
G,4,0.125,170.875
G#,4,0.25,171.0
B-,4,0.125,171.333333333
B,4,0.125,171.5
C#,5,0.125,172.0
D,5,0.125,172.25
E-,5,0.0,172.5
E,5,0.25,172.75
G,5,0.25,173.0
F,5,0.25,173.25
D,5,0.25,173.5
G#,4,0.333333333333,174.0
F,4,0.125,174.375
B,4,0.25,174.5
G#,4,0.125,174.75
D,5,0.333333333333,175.125
G#,4,0.125,175.625
F,4,0.125,175.75
C,5,0.333333333333,176.0
F,4,0.125,177.0
A,4,0.25,177.333333333
C,5,0.25,177.625
A,4,0.25,178.0
A,3,0.25,179.666666667
D,4,0.5,180.0
F#,3,0.125,180.666666667
F#,3,1.25,180.875
C#,5,0.25,182.125
F#,3,0.625,182.75
F,5,0.625,184.0
A,4,0.25,184.666666667
D,5,0.125,185.0
F,5,0.25,185.25
A,5,0.333333333333,185.666666667
E,5,0.5,186.125
G,5,0.625,187.0
E,5,0.25,187.625
F,5,0.5,188.0
C,5,0.125,189.0
D,5,0.25,189.125
C,5,0.25,189.375
A,4,0.25,189.625
B,4,0.5,190.0
F,3,0.5,190.625
E-,5,0.25,191.666666667
E,5,0.5,192.0
D,6,0.25,192.625
B-,5,0.125,193.0
D,6,0.25,193.25
D,5,0.25,193.625
G#,5,0.375,194.75
C,5,0.25,196.75
D,5,0.25,197.125
F,5,0.125,197.375
G,5,0.25,197.666666667
G#,5,0.125,198.0
D,6,0.25,198.25
F,5,0.25,198.666666667
E,4,0.25,199.5
E,5,0.125,199.75
G,5,0.25,200.125
F,5,0.25,200.375
C,5,0.125,200.666666667
A,4,0.125,201.333333333
A,4,0.125,202.0
A,4,0.25,203.25
A,4,0.25,204.0
F,5,0.25,204.333333333
A,4,0.25,204.625
A,4,0.25,205.333333333
A,4,0.25,206.0
A,4,0.25,206.625
D,2,0.25,207.625
A,4,0.25,208.0
C,5,0.25,208.25
F,4,0.25,208.666666667
G,4,0.625,209.0
E,4,0.125,209.75
F,4,0.625,210.0
B-,3,2.125,212.0
F,6,0.25,214.625
F,5,0.125,214.875
E-,6,0.25,215.333333333
C,6,0.125,215.625
D,6,0.25,216.125
C,6,0.125,216.5
B-,5,0.125,216.75
G,5,0.25,217.0
F,5,0.125,217.25
E-,5,0.25,217.5
C#,5,0.125,217.75
C,5,0.125,218.0
B-,4,0.125,218.25
G,4,0.125,218.5
F,4,0.125,218.75
E-,4,0.25,219.0
C#,4,0.125,219.25
C,4,0.125,219.5
B-,3,0.25,219.666666667
G,3,0.25,220.0
F,3,0.125,220.25
F,2,0.125,220.5
B,3,0.25,220.75
G#,3,0.125,221.0
F,3,0.125,221.25
F,4,0.25,221.5
D,4,0.125,221.75
C,4,0.25,222.0
G#,4,0.25,222.5
F,3,0.125,222.75
D,4,0.25,223.125
D,5,0.25,223.625
B,4,0.25,223.875
C,5,0.25,224.125
E,4,0.25,224.375
B-,4,0.25,225.0
C,5,0.333333333333,225.333333333
G#,4,0.25,225.666666667
F,4,0.25,226.375
F,3,0.25,227.375
A,3,0.75,228.0
E,3,1.125,229.0
B-,5,0.125,230.75
C#,5,0.375,231.0
G#,3,2.5,231.625
D,5,0.333333333333,234.125
F,4,0.25,234.666666667
G,4,0.333333333333,235.0
G,4,0.25,236.125
G,4,0.25,236.5
F,4,0.125,236.75
D,5,0.5,237.0
D,4,0.25,237.666666667
F,4,0.375,238.0
B,2,0.5,238.625
B,4,0.25,239.666666667
C,5,0.375,240.0
F,4,0.25,241.0
A,4,0.25,241.25
C,5,0.25,241.625
A,4,0.625,242.0
G,4,0.333333333333,243.0
F,4,0.625,243.875
D,3,0.25,244.625
D,3,1.5,245.0
C#,3,0.25,246.5
D,5,0.25,247.666666667
F,5,0.5,248.0
G#,4,0.5,249.375
D,4,0.625,250.0
F#,2,0.125,250.625
G,4,0.25,251.0
D,5,0.375,253.0
A,4,0.25,253.666666667
C,5,0.333333333333,254.125
F,4,0.125,254.5
C,4,0.25,254.625
G#,3,0.25,255.666666667
A,3,0.875,256.0
C,4,1.75,258.0
G#,3,0.125,260.0
D,4,1.25,261.666666667
B-,4,0.125,263.125
G,4,0.625,268.666666667
A,5,0.25,271.0
B-,4,0.125,277.0
F#,2,1.875,277.625
C,4,1.0,279.625
G,3,0.666666666667,281.875
G#,3,0.5,286.125
F,3,0.5,286.75
C,3,1.875,288.125
A,2,0.5,291.625
F,2,1.875,294.625
E-,3,0.25,296.625
C#,3,0.25,296.875
D,3,0.125,297.125
D,4,0.25,297.375
B,3,0.25,297.666666667
C,4,0.25,298.0
E,3,0.25,298.25
F,3,0.333333333333,298.5
G,3,0.25,298.875
B,1,3.5,299.5
G,4,0.25,303.0
F,4,0.25,303.25
D,4,0.25,303.5
C,4,0.125,303.75
C,5,0.25,304.0
A,4,0.25,304.25
G,4,0.25,304.5
F,4,0.25,304.75
F,5,0.25,305.0
D,5,0.25,305.25
C,5,0.25,305.5
A,4,0.125,305.75
A,5,0.25,306.0
E,5,0.25,306.25
C#,5,0.25,306.5
A,4,0.125,306.75
C,6,0.125,307.0
A,5,0.25,307.25
E,5,0.125,307.625
E,6,0.25,308.0
C,6,0.25,308.25
F,3,0.125,308.625
E,5,0.125,308.75
G,6,0.25,309.0
E,6,0.25,309.25
C,6,0.25,309.5
F,6,0.333333333333,309.875
E-,6,0.125,310.25
C,6,0.125,310.5
A,5,0.25,311.0
F#,5,0.125,311.25
F,5,0.125,311.5
E-,5,0.25,311.666666667
D,5,0.125,312.25
A,5,0.25,312.375
F,5,0.25,312.666666667
D,5,0.125,313.25
C#,5,0.25,313.5
D,5,0.25,314.0
A,4,0.25,314.25
A,4,0.25,314.666666667
B,4,0.25,315.25
G,5,0.25,315.5
B-,4,0.25,316.0
F,5,0.25,316.5
G#,4,0.25,317.0
G,4,0.25,317.25
F#,4,0.25,318.0
F,4,0.25,318.25
E,5,0.25,318.5
C#,5,0.25,318.75
A,4,0.125,319.0
F,4,0.25,319.25
E-,4,0.25,319.5
C#,4,0.125,319.75
E,4,0.25,320.0
F#,4,0.25,320.25
G#,4,0.25,320.5
B-,4,0.0,320.75
B,4,0.125,320.875
C,5,0.25,321.0
C#,5,0.125,321.333333333
E-,5,0.125,321.5
F,5,0.25,321.75
F#,5,0.25,322.0
G#,5,0.25,322.25
C,6,0.25,322.5
G#,5,0.25,322.75
E,5,0.125,323.125
B-,5,0.25,323.375
F#,5,0.25,323.666666667
G#,5,0.25,324.125
E,5,0.125,324.375
C,5,0.125,324.5
F#,5,0.25,324.875
D,5,0.125,325.125
B-,4,0.125,325.333333333
E,5,0.25,325.625
C,5,0.25,325.875
G#,4,0.125,326.125
D,5,0.25,326.25
F#,4,0.0,326.75
F,4,0.125,326.875
B-,4,0.125,327.5
G#,4,0.125,327.75
A,3,0.333333333333,327.875
F,4,0.25,328.25
C,4,0.25,328.625
B-,3,0.25,328.875
G,3,0.25,329.25
G#,3,0.25,329.625
A,3,0.25,330.0
C,4,0.125,330.333333333
F,4,0.25,330.666666667
A,4,0.25,331.0
C,4,0.0,331.75
A,4,0.25,332.125
F,4,0.25,332.375
G,2,0.125,332.625
C,4,0.25,332.75
G#,3,0.125,333.75
A,4,0.25,334.375
G,3,0.333333333333,334.75
G,4,0.625,335.125
F,4,1.25,335.75
D,2,0.875,337.125
E,3,1.25,338.0
C,2,1.66666666667,340.0
G#,6,0.25,341.75
F,6,0.25,342.125
E-,6,0.125,342.375
C,6,0.25,342.666666667
F,5,0.25,343.333333333
D,3,1.5,343.625
F,5,0.25,345.375
E-,5,0.25,345.666666667
C#,5,0.25,346.0
D,5,0.25,346.375
G#,3,0.125,346.625
G,5,0.333333333333,347.0
G#,5,0.125,348.125
A,5,0.125,348.25
F,5,0.25,348.5
D,5,0.25,348.75
B,4,0.5,349.125
G#,4,0.125,349.75
E,5,0.5,350.0
D,5,0.5,351.0
D,5,0.25,352.125
A,4,0.25,352.375
C,4,0.125,352.666666667
D,4,0.5,353.0
F,4,0.25,353.666666667
G,4,0.25,354.25
D,4,0.25,354.5
B,3,0.125,354.75
F,4,0.5,355.0
F,3,0.25,355.75
A,3,1.0,356.0
C,6,0.125,359.5
B-,5,0.25,360.0
F,5,0.125,360.25
E-,6,0.125,360.666666667
C#,6,0.25,360.875
C,6,0.125,361.125
B,5,0.125,361.25
G#,5,0.125,361.625
F,5,0.125,361.75
E-,6,0.125,362.25
C#,6,0.25,362.375
C,6,0.125,362.625
B-,5,0.25,362.875
G#,5,0.125,363.125
F,5,0.125,363.25
G,6,0.125,363.5
D,6,0.125,363.875
C#,6,0.125,364.0
G#,5,0.125,364.333333333
D,5,0.125,364.875
G#,5,0.25,365.0
F,5,0.25,365.375
G#,5,0.125,365.75
D,6,0.25,366.125
G#,5,0.125,366.625
F,5,0.25,366.75
D,5,0.25,367.0
G,5,0.25,367.5
E,5,0.25,367.75
F,5,0.125,368.0
C#,5,0.25,368.125
D,5,0.125,368.375
F,5,0.25,368.625
C,6,0.25,369.0
A,5,0.25,369.25
F,5,0.25,369.5
E-,6,0.0,370.0
D,6,0.25,370.125
C,6,0.125,370.5
B-,5,0.25,370.75
G,5,0.25,371.0
F,5,0.25,371.333333333
C#,5,0.125,371.875
D,5,0.25,372.125
A,5,0.25,372.5
F,5,0.125,373.333333333
C#,6,0.25,373.666666667
E,6,0.25,374.0
D,6,0.25,374.375
F,5,0.125,375.125
D,5,0.25,375.375
A,5,1.25,376.0
G,5,0.25,377.25
E,5,0.25,377.5
D,5,0.25,377.75
C#,5,0.625,378.0
D,3,0.75,378.625
B,4,0.125,379.75
C,5,0.625,380.0
B-,4,0.125,381.125
D,5,0.25,381.5
F,5,0.25,381.75
B-,5,0.5,383.0
B-,5,0.25,384.125
F,5,0.25,384.5
F,5,0.5,385.0
F,4,0.25,385.75
C,5,0.625,386.0
D,4,0.25,386.75
F,4,0.75,387.0
B,2,0.125,387.875
C,3,1.0,388.125
E,2,0.125,389.625
F,2,1.875,389.75
G,5,0.25,393.0
G#,5,0.5,393.375
D,6,0.333333333333,397.0
G#,5,0.625,398.0
F,5,0.125,398.75
G,5,0.375,399.0
D,6,0.375,399.75
G#,5,0.25,400.125
G,5,0.25,400.375
F,5,0.25,400.666666667
G,5,0.333333333333,401.0
F,5,1.5,402.0
C,3,2.25,404.0
F,6,0.125,406.333333333
F,3,1.25,406.5
F,5,0.125,407.875
E-,5,0.125,408.0
D,5,0.125,408.333333333
C,5,0.125,408.5
B-,4,0.125,408.75
G,4,0.125,409.0
F,4,0.125,409.25
E-,4,0.125,409.5
F,3,0.125,409.625
D,4,0.125,409.75
C,4,0.25,410.0
B-,3,0.25,410.25
G,3,0.25,410.5
F,3,0.125,410.75
D,4,0.25,411.0
B,3,0.125,411.25
G#,3,0.25,411.5
F,3,0.125,411.75
G,3,0.125,411.875
F,4,0.25,412.0
E,4,0.125,412.25
E-,4,0.125,412.375
B,3,0.25,412.75
G#,3,0.125,413.125
G,4,0.125,413.5
B,1,0.25,413.625
F,4,0.25,414.0
G,4,0.25,414.25
G#,4,0.25,414.5
B-,4,0.25,414.75
B,4,0.25,415.0
C,5,0.25,415.25
C#,5,0.125,415.5
E-,5,0.0,416.0
E,5,0.125,416.25
G,5,0.25,416.5
A,4,0.125,417.0
B-,4,0.125,417.25
D,5,0.25,417.5
C,5,0.125,417.75
E,4,0.25,417.875
F,4,0.125,418.25
B-,4,0.25,418.375
G,4,0.25,419.0
D,4,0.25,419.5
C,4,0.25,419.75
A,3,0.125,420.0
G,4,0.25,420.333333333
E,4,0.125,420.625
C,2,0.125,420.75
F,4,0.125,420.875
C,4,0.125,421.125
E-,4,0.0,421.375
G,4,0.25,421.625
B,4,0.125,421.875
D,5,0.25,422.0
E-,5,0.25,422.25
C,5,0.25,423.0
G#,4,0.25,423.75
F,5,0.25,424.25
F,5,0.5,425.0
B-,4,0.125,426.0
D,5,0.125,426.25
B-,4,0.25,426.375
F,4,0.25,426.625
G,4,0.625,427.0
G,4,0.25,428.0
G#,4,0.333333333333,428.375
G,4,0.625,429.0
F,4,1.0,429.75
C,3,0.125,430.75
C#,4,0.125,431.333333333
A,6,0.25,432.875
F#,3,1.5,437.666666667
G,5,0.125,439.375
F,5,0.125,439.5
D,3,0.25,439.75
G,3,0.875,440.125
B-,3,0.25,441.0
B,3,0.25,441.25
A,3,0.25,441.5
C,4,0.125,441.875
C#,4,0.25,442.0
C,4,0.333333333333,442.375
E,4,0.25,442.875
C#,5,0.125,443.125
E,4,0.25,443.5
G,4,0.25,443.75
A,5,0.125,444.125
F,4,0.125,444.5
C,5,0.333333333333,444.875
C,5,0.125,445.5
C,5,0.333333333333,445.75
D,5,0.125,446.5
F,5,0.25,446.75
E-,6,0.125,447.375
F,5,0.875,449.125
B-,4,0.125,450.875
E,5,0.125,452.25
C,4,0.875,453.125
F,4,0.75,454.125
F,5,0.25,454.875
G,5,0.25,455.125
A,6,0.25,463.0
F,6,1.5,463.875
F,6,0.375,465.666666667
E-,6,0.25,467.25
D,6,0.25,467.5
G,5,0.25,468.375
G#,5,0.25,468.666666667
A,5,0.25,469.0
F,5,0.25,469.333333333
C,5,0.25,469.666666667
F,5,0.25,470.0
F,4,0.25,470.375
A,3,0.5,470.625
F,4,0.375,475.0
B,2,0.333333333333,475.666666667
D,6,0.375,479.0
A,3,2.625,479.75
C,5,0.25,482.666666667
B-,4,0.625,483.0
G#,4,0.25,483.75
A,4,0.375,484.0
E,3,0.125,484.625
F,3,1.33333333333,485.125
D,3,0.125,486.5
E,3,0.0,486.666666667
G,5,0.25,486.666666667
A,5,0.25,487.0
B-,2,0.125,487.666666667
B-,5,0.333333333333,488.0
D,6,0.333333333333,489.0
F,6,0.625,490.0
D,4,0.125,491.75
G#,3,0.125,491.875
B,5,0.375,492.0
D,6,0.125,492.75
F,6,0.333333333333,493.0
G#,6,0.5,494.0
F,6,0.125,494.666666667
A,6,0.5,495.0
E,4,0.125,495.625
A,6,0.25,496.125
C,6,0.25,496.625
B-,5,0.5,497.0
G#,5,0.125,497.75
A,5,0.5,498.0
G,5,0.5,499.0
E,5,0.125,499.75
D,3,0.125,499.875
F#,5,0.5,500.0
E-,6,0.125,500.75
C,6,0.5,501.0
C#,6,0.25,501.666666667
D,6,0.25,502.0
D,5,0.125,502.666666667
F,5,0.25,503.0
G#,5,0.5,504.0
F,5,0.125,504.75
G#,5,0.666666666667,505.0
F,5,0.25,506.0
G#,5,0.5,508.0
F,5,0.125,508.875
G#,5,0.625,509.0
F,5,0.25,510.0
F,5,0.25,510.375
C,5,0.25,510.75
E,5,0.333333333333,511.0
G,5,0.333333333333,511.666666667
F,5,0.125,512.0
G,5,0.25,512.25
C,5,0.25,512.625
B-,4,0.625,513.0
G#,4,0.125,513.75
A,4,0.375,514.0
C,5,0.333333333333,517.0
F,5,0.5,518.0
C,5,0.125,518.75
G,5,0.25,519.0
A,5,0.333333333333,520.0
A,5,0.5,523.0
F,5,0.25,523.75
A,5,0.375,524.0
B-,5,0.333333333333,524.666666667
B,5,0.333333333333,525.25
C,6,0.333333333333,525.75
G#,5,0.125,526.25
A,5,0.25,526.5
G#,5,0.25,527.125
F,5,0.333333333333,527.75
A,5,0.25,528.125
F,5,0.125,528.375
C,5,0.125,528.666666667
B-,4,0.333333333333,529.0
E,4,3.375,31.5
D,6,2.625,41.625
C,6,0.25,46.375
G#,5,0.25,48.0
A,5,0.625,48.3333333333
G,5,0.25,64.125
A,4,0.875,70.0
G,5,0.375,71.0
C,5,1.25,72.0
F,4,1.0,80.0
E-,5,0.125,81.0
E,4,1.75,81.625
B-,4,0.25,85.625
A,4,0.875,85.875
C,5,0.375,87.0
B-,2,3.625,87.625
B,2,3.25,92.625
G,3,0.125,100.0
F,4,0.25,101.666666667
G,4,0.5,102.0
F,3,0.125,102.875
F,4,0.125,112.625
E,4,0.125,113.875
G,4,0.25,114.875
F,5,0.75,116.0
C,5,0.25,118.0
D,5,0.25,118.333333333
G,4,0.25,121.0
G#,4,0.25,121.333333333
D,4,0.5,122.0
F,4,0.25,122.666666667
G,4,0.333333333333,123.0
G,4,0.25,123.666666667
F,4,0.25,124.625
F,4,0.125,126.375
B-,2,0.25,128.666666667
F#,3,2.0,130.0
B,3,2.33333333333,132.0
F,5,0.25,134.666666667
D,5,0.625,135.0
E-,3,0.333333333333,135.75
G#,4,0.25,137.0
A,4,0.5,137.5
G#,4,0.125,140.375
D,2,0.125,143.75
D,3,0.25,145.666666667
C,4,0.125,149.0
D,4,0.125,149.25
E-,4,0.125,149.5
F,4,0.25,149.75
G,4,0.125,150.0
B-,4,0.25,150.25
C#,5,0.0,150.625
D,5,0.125,150.75
B-,2,1.0,152.0
G#,4,0.25,155.666666667
G#,4,0.125,156.333333333
D,5,0.5,157.0
D,5,0.5,158.125
B,2,0.25,158.75
B-,4,0.5,159.0
A,3,0.125,159.666666667
B-,4,0.625,161.0
C,5,0.25,161.875
B-,3,0.25,163.0
G,3,0.125,163.5
F#,2,0.25,164.625
B-,3,0.75,164.875
C,6,0.125,167.125
G,5,0.25,167.333333333
D,3,0.5,167.625
D,3,0.25,170.666666667
C,4,0.25,176.666666667
F#,4,0.333333333333,180.0
C,5,0.25,182.0
D,5,0.25,182.333333333
F,5,0.125,182.75
F,5,0.5,183.0
C,4,0.25,186.666666667
A,4,0.25,188.666666667
E,4,0.375,190.625
F,5,0.5,191.0
B,2,0.0,202.625
B-,4,0.125,204.333333333
F,3,0.125,207.666666667
F,5,0.125,208.125
A,4,0.125,208.375
C#,3,1.125,210.625
C,3,2.5,212.0
A,3,0.75,214.625
D,4,0.375,215.75
C#,6,0.125,216.25
D,4,0.25,220.5
B,3,0.125,222.0
F,4,0.25,222.75
F,4,0.25,224.666666667
G,4,0.125,226.375
G,3,0.125,227.375
F#,2,0.25,228.666666667
B-,3,1.0,229.0
A,3,1.625,230.0
D,3,3.125,231.625
D,5,0.25,236.125
F,4,0.125,236.5
G,4,0.625,237.0
G#,3,1.125,238.666666667
E,4,0.25,242.625
C#,3,0.0,244.625
D,2,0.25,245.625
C,5,0.25,245.875
C#,5,0.125,246.125
D,5,0.25,246.333333333
B,3,0.125,248.625
D,5,0.666666666667,249.0
G,2,0.25,250.625
G,2,1.5,251.125
F,4,0.125,252.75
B-,4,0.5,253.0
A,4,0.25,254.25
B-,2,0.25,256.666666667
F#,3,1.66666666667,258.0
D,4,1.375,265.666666667
D,4,0.625,268.666666667
G,5,0.75,270.0
F,4,1.0,271.666666667
E,4,1.375,273.666666667
B-,3,1.0,275.625
E,3,1.0,277.625
E-,3,0.75,278.666666667
A,4,1.25,279.625
B-,3,0.75,282.625
B,3,0.625,285.5
E,3,0.0,286.75
E,4,1.375,288.125
D,4,1.25,290.0
C,4,0.25,291.666666667
G,5,0.5,293.0
E,5,0.25,293.666666667
C,5,0.125,294.125
B-,4,0.125,294.375
F#,4,0.125,294.666666667
F,4,0.25,294.875
E-,4,0.125,295.125
D,4,0.125,295.333333333
C,4,0.125,295.625
B-,3,0.125,295.875
G,3,0.125,296.125
F,3,0.375,296.25
B-,3,0.25,299.0
D,3,3.625,299.5
C,2,0.333333333333,303.625
C#,2,0.25,306.666666667
C,5,0.125,307.666666667
F,6,0.125,309.25
G,5,0.125,309.666666667
E,6,0.25,310.125
E,5,0.25,313.666666667
C,5,0.25,314.375
B-,4,0.125,314.875
C,5,0.125,315.25
A,4,0.25,316.125
A,4,0.25,316.666666667
F,4,0.125,317.5
G,4,0.25,317.666666667
B,3,0.333333333333,318.625
D,3,0.125,319.25
D,5,0.125,323.875
B-,4,0.25,326.5
C,3,3.125,327.875
A,3,0.25,331.0
E,3,0.125,332.5
E,2,0.875,334.75
D,4,1.125,335.75
C#,2,1.0,339.0
E-,3,1.75,340.0
B-,1,0.25,343.5
G#,5,0.125,344.375
B-,5,0.333333333333,344.75
D,4,0.25,346.5
G,5,0.25,347.75
G,5,0.125,348.333333333
B,4,0.125,350.75
C,5,0.333333333333,351.75
C,5,0.25,352.25
G,4,0.125,352.5
C,4,0.125,353.0
F,4,0.25,354.375
A,3,0.375,355.125
F#,2,0.25,356.625
E,3,1.0,356.875
E-,6,0.25,359.125
B,5,0.25,359.666666667
B-,5,0.25,361.25
B,5,0.125,362.666666667
D,6,0.25,363.5
B,5,0.25,364.0
G,5,0.125,364.375
B,5,0.25,365.5
B,5,0.25,366.25
A,5,0.25,368.75
C,5,0.125,369.666666667
C#,6,0.25,370.333333333
C#,3,0.125,371.375
F,5,0.125,372.333333333
F,6,0.25,373.333333333
E,5,0.125,375.5
B,3,0.125,376.625
F,5,0.25,377.333333333
F,4,0.375,378.625
D,5,0.625,379.0
D,3,0.125,380.666666667
G#,5,0.25,382.75
D,4,0.125,383.625
G#,5,0.25,384.25
C,5,0.25,384.666666667
B-,4,0.666666666667,385.0
G#,4,0.125,386.0
A,4,0.375,386.333333333
B,2,0.0,387.666666667
C,3,0.25,387.666666667
C,2,0.875,388.75
C,6,0.125,390.0
C#,6,0.25,390.125
D,6,0.25,390.375
F,1,0.333333333333,390.625
D,6,0.75,393.0
G,5,0.25,399.666666667
B,3,0.666666666667,402.625
B-,6,0.125,405.875
G,6,0.125,406.125
A,3,0.25,406.375
E-,6,0.25,406.625
D,6,0.125,406.875
C,6,0.125,407.0
B-,5,0.125,407.333333333
E,3,0.125,409.5
D,3,0.333333333333,413.625
D,5,0.125,415.75
F,4,0.125,419.125
E,4,0.125,419.5
C,3,0.125,419.625
C,3,1.0,419.875
B-,4,0.125,421.75
D,5,0.375,422.75
B-,4,0.25,423.5
D,4,0.25,423.875
D,5,0.5,428.0
F,4,0.25,428.666666667
D,5,1.875,429.0
A,6,0.25,431.75
B-,3,0.125,434.0
E,6,0.75,434.125
F,4,1.0,436.0
C,4,1.25,437.666666667
E,7,0.125,439.0
F,3,0.25,439.875
F,3,0.25,440.625
A,3,0.25,440.875
A,4,0.125,441.125
B,3,0.25,441.666666667
D,4,0.25,442.125
D,4,0.25,442.625
F,4,0.333333333333,443.5
G#,4,0.25,443.875
A,4,0.25,444.125
G,4,0.25,444.5
G#,5,0.125,445.125
C,6,0.0,445.25
D,5,0.25,445.875
E,6,0.125,446.333333333
E,5,0.25,446.5
F#,5,0.25,446.875
G,6,0.0,447.333333333
G,5,0.25,447.375
E,6,0.125,448.75
B-,5,0.666666666667,449.125
C,5,0.5,453.125
C,5,0.25,453.875
F,5,0.5,454.125
G,4,0.125,455.0
E,3,0.0,459.875
C,4,0.125,459.875
F,4,2.375,463.875
F,6,0.125,467.125
C,3,3.625,467.625
D,5,1.0,471.75
B-,4,0.666666666667,473.0
F,4,0.125,473.75
D,5,1.625,474.0
D,4,0.75,475.666666667
E,6,0.25,478.125
E,6,0.25,478.5
E,6,0.125,479.125
F,4,2.25,479.75
D,5,0.5,482.0
F,3,0.125,484.666666667
F,5,0.125,485.75
G,5,0.375,486.0
F,3,0.125,486.75
D,4,0.25,487.666666667
B,2,0.125,491.875
F,6,0.25,496.333333333
A,3,0.125,498.75
G#,5,0.25,510.125
F,5,0.25,512.375
A,5,0.375,527.25
C#,5,0.875,14.0
D,5,0.25,16.0
D,5,3.0,16.375
E-,4,0.625,22.0
B-,5,0.875,23.875
B,5,1.375,28.625
C,6,0.666666666667,30.0
C,5,1.25,68.625
E,4,1.125,70.0
E,5,0.0,72.0
E,5,1.0,72.25
E,4,0.875,73.625
D,4,1.66666666667,76.0
C#,5,0.125,78.0
A,5,0.375,78.6666666667
F,5,0.625,80.0
C#,3,1.875,81.625
G,4,0.333333333333,85.0
F,5,0.333333333333,86.625
F,3,5.0,87.625
G,5,0.375,92.6666666667
E,5,0.25,94.0
F,5,0.25,94.25
C,5,0.25,94.6666666667
D,5,0.125,95.0
E,5,0.25,95.25
D,5,0.125,95.5
B-,4,0.125,95.6666666667
C,5,0.125,112.625
A,5,0.375,113.875
E,5,0.125,116.0
C#,4,0.25,116.666666667
C#,5,0.125,118.0
D,3,1.0,118.125
D,5,0.375,121.0
D,5,0.5,123.75
D,6,0.333333333333,133.0
C,6,0.25,133.666666667
A,5,0.5,134.125
F,5,0.5,136.0
F,5,0.5,152.0
E,5,0.0,157.0
G#,3,0.5,158.875
B,4,0.25,159.75
G#,5,0.25,167.125
E-,5,0.25,167.75
D,5,0.125,168.0
G#,3,0.125,175.375
D,5,0.125,186.75
B,3,1.0,190.666666667
B-,5,0.125,193.375
B,5,0.5,194.75
G#,5,0.25,198.375
C,6,0.5,199.666666667
E-,4,2.0,212.0
E-,6,0.125,214.0
E-,4,0.5,214.666666667
E-,3,1.66666666667,230.0
D,5,0.25,231.666666667
B-,5,0.125,232.125
D,6,0.25,232.25
B-,5,0.25,232.5
F,5,0.333333333333,233.75
G#,4,0.25,236.25
D,4,0.875,238.666666667
D,3,1.375,246.666666667
F,4,0.125,250.666666667
C,5,0.125,252.0
E,4,0.125,264.125
F,4,1.5,265.666666667
E,3,0.5,268.666666667
C#,4,1.0,270.0
D,5,0.25,271.666666667
D,5,0.75,272.0
G#,4,0.75,273.75
A,4,0.333333333333,274.625
B,4,0.25,275.0
G,4,1.125,275.625
F,4,1.125,279.625
B-,4,0.5,281.875
F,4,0.625,282.625
D,5,0.125,283.5
G,4,0.125,284.875
D,4,0.333333333333,286.125
B,3,0.375,286.875
E,4,0.125,287.625
C,6,0.125,293.0
A,5,0.125,293.125
E-,5,0.25,293.875
B-,1,2.625,296.375
F,3,0.125,300.625
G,3,0.25,300.75
G#,3,0.25,301.0
B-,3,0.125,301.25
B,3,0.25,301.5
C,4,0.25,301.75
C#,4,0.125,302.0
D,4,0.125,302.25
E-,4,0.0,302.5
E,4,0.25,302.75
F,3,0.25,303.666666667
E,3,0.125,306.666666667
C#,5,0.25,311.875
B-,3,0.333333333333,327.25
A,4,0.25,328.0
B-,3,0.125,332.5
E,4,0.375,335.125
F,3,0.25,336.75
G#,5,0.25,340.0
F,6,0.125,340.75
F,2,2.0,341.666666667
D,6,0.25,344.75
G#,5,0.25,345.0
F,5,0.25,346.666666667
B,4,0.125,351.75
B-,3,0.333333333333,355.125
B-,3,0.875,356.875
D,6,0.125,359.25
E-,6,0.25,363.666666667
G#,3,0.125,366.625
E-,5,0.25,371.5
B,3,0.5,378.666666667
A,4,0.25,380.75
G#,5,0.25,383.666666667
E,4,0.375,402.625
E-,7,0.125,405.25
C,7,0.125,405.625
E-,4,0.125,406.5
G,5,0.125,407.625
E,4,0.25,413.75
B,2,0.125,419.5
F#,6,0.0,431.875
G,5,0.625,434.125
E-,4,0.25,442.666666667
F,4,0.25,443.0
F,6,0.125,448.75
A,5,0.125,451.25
E,5,0.125,456.0
A,4,1.25,456.125
A,4,0.666666666667,457.666666667
A,6,0.666666666667,460.666666667
A,5,2.0,464.0
B-,3,2.66666666667,467.666666667
G,4,0.125,470.5
E-,4,0.25,470.666666667
B-,4,0.375,471.0
D,4,2.125,471.75
G#,4,0.666666666667,474.0
D,4,0.125,474.75
G#,3,0.625,475.75
F,6,0.25,478.25
C,3,4.125,479.875
F,6,0.333333333333,495.666666667
D,5,0.75,12.6666666667
E,4,0.666666666667,14.0
F,5,1.33333333333,16.0
F,5,1.75,17.625
G,4,0.375,22.0
D,5,1.25,28.625
G#,3,0.875,29.875
G,3,4.0,31.625
F,5,1.0,70.0
G,4,0.75,73.6666666667
G,4,0.5,78.0
C#,5,0.125,78.6666666667
B,3,1.5,81.625
D,5,0.125,86.625
D,5,0.375,87.625
F,4,0.333333333333,88.625
F,4,0.875,89.0
B-,4,0.5,90.0
C,5,0.375,91.0
C,3,0.125,92.6666666667
E,5,0.125,94.375
D,5,1.0,110.125
A,4,0.5,113.875
F,5,0.333333333333,199.666666667
F,6,0.25,212.25
D,6,0.125,212.625
C,6,0.125,212.75
B-,5,0.25,213.0
G#,5,0.125,213.333333333
A,5,0.25,213.5
F#,6,0.25,213.75
C#,6,0.5,231.0
D,6,0.333333333333,231.75
F,5,0.25,232.666666667
C#,5,0.25,233.75
C,4,0.125,238.666666667
C#,5,0.666666666667,239.0
E,5,0.125,264.125
D,3,1.33333333333,271.666666667
B-,4,0.25,274.875
E-,4,0.875,275.666666667
G#,4,1.125,277.666666667
F,2,1.375,279.625
G#,6,0.333333333333,340.0
G#,5,0.25,341.666666667
G#,5,0.125,343.625
C,3,0.125,350.75
E,5,0.25,378.75
C#,3,0.875,402.625
D,7,0.25,405.333333333
D,4,0.125,430.666666667
B-,3,0.375,434.375
E,6,0.0,435.125
E,4,0.625,437.666666667
F,6,0.25,449.125
E,5,1.0,456.375
D,5,0.875,457.75
G,3,0.25,460.75
G,6,0.75,462.0
D,6,2.0,464.0
E-,4,2.5,467.666666667
G#,4,0.125,470.666666667
B-,4,0.25,471.75
B,4,0.875,472.0
D,5,0.5,473.0
C,3,0.125,475.75
C,6,0.25,480.0
D,6,0.125,480.25
C,6,0.125,480.5
A,5,0.25,480.666666667
E,5,0.666666666667,481.0
C,5,0.125,481.75
A,4,3.125,16.0
B-,4,0.25,20.6666666667
A,3,0.5,22.0
G#,5,0.25,28.625
G#,5,0.375,29.25
D,5,0.25,30.0
C,5,3.5,31.625
E,5,0.125,73.6666666667
E,5,0.5,74.0
E,5,0.125,82.3333333333
B,4,0.125,91.0
F,5,1.25,92.6666666667
E-,6,0.25,212.333333333
B,5,0.125,213.625
D,5,0.333333333333,238.666666667
A,4,0.666666666667,268.75
F,5,1.0,271.666666667
D,3,2.0,279.625
D,4,0.125,402.75
D,7,0.875,437.75
D,4,0.25,460.75
D,3,2.66666666667,464.0
C,6,0.25,467.666666667
C,6,0.25,468.75
B-,4,0.25,470.0
A,4,0.125,471.875
A,4,0.125,22.0
D,6,0.75,28.625
G,3,0.875,279.625
D,6,0.625,437.75
C,4,2.375,464.0
G#,3,1.0,28.6666666667
E,6,0.0,437.75
F,5,1.875,464.0
B-,5,0.125,28.6666666667
