[50, 0.0],
[49, 1.25],
[57, 2.0],
[49, 2.25],
[52, 2.5],
[50, 2.75],
[41, 3.0],
[43, 3.25],
[38, 4.75],
[41, 5.0],
[43, 5.25],
[44, 5.5],
[38, 6.0],
[41, 6.25],
[43, 6.5],
[44, 6.75],
[43, 7.0],
[41, 7.25],
[36, 7.5],
[38, 7.75],
[39, 8.0],
[40, 9.0],
[41, 9.25],
[43, 9.5],
[44, 10.0],
[45, 10.5],
[40, 10.75],
[41, 11.0],
[38, 11.25],
[47, 11.5],
[44, 12.0],
[41, 12.25],
[43, 12.5],
[41, 13.25],
[38, 13.5],
[36, 13.75],
[48, 14.0],
[53, 14.25],
[48, 18.0],
[52, 18.25],
[36, 18.5],
[40, 19.25],
[52, 19.5],
[55, 19.75],
[53, 20.0],
[45, 20.25],
[36, 20.5],
[45, 21.0],
[41, 21.5],
[40, 21.75],
[49, 22.0],
[57, 22.25],
[50, 22.5],
[48, 22.75],
[57, 23.5],
[52, 24.0],
[48, 24.5],
[47, 24.75],
[43, 25.0],
[46, 26.0],
[45, 26.25],
[41, 27.0],
[36, 27.25],
[38, 27.5],
[39, 29.25],
[40, 29.5],
[43, 30.5],
[44, 30.75],
[46, 31.75],
[47, 32.5],
[50, 32.75],
[51, 33.0],
[52, 34.75],
[55, 35.0],
[45, 35.25],
[46, 35.5],
[45, 38.75],
[38, 39.5],
[42, 40.0],
[48, 40.25],
[49, 42.0],
[50, 42.25],
[57, 44.0],
[53, 44.25],
[48, 45.25],
[53, 46.5],
[43, 47.25],
[46, 47.5],
[44, 47.75],
[45, 48.0],
[38, 48.5],
[42, 48.75],
[48, 49.0],
[49, 49.5],
[50, 50.75],
[53, 51.0],
[57, 52.75],
[45, 53.0],
[43, 53.5],
[41, 53.75],
[48, 54.0],
[49, 54.75],
[50, 55.5],
[53, 57.25],
[51, 57.5],
[49, 59.5],
[50, 59.75],
[53, 60.25],
[46, 60.5],
[41, 60.75],
[43, 61.0],
[44, 62.0],
[46, 65.0],
[47, 65.75],
[49, 66.0],
[50, 67.75],
[53, 68.75],
[57, 69.0],
[58, 69.25],
[61, 69.5],
[62, 69.75],
[50, 70.0],
[53, 70.25],
[57, 70.5],
[58, 70.75],
[61, 71.0],
[62, 71.25],
[56, 71.5],
[53, 71.75],
[63, 72.0],
[61, 73.0],
[60, 73.25],
[58, 74.0],
[55, 74.25],
[53, 74.5],
[48, 75.0],
[53, 75.25],
[51, 75.5],
[49, 75.75],
[50, 76.0],
[51, 76.25],
[52, 76.5],
[51, 77.5],
[49, 77.75],
[56, 78.25],
[55, 78.5],
[53, 79.0],
[51, 79.25],
[52, 80.75],
[58, 82.0],
[53, 83.0],
[63, 83.75],
[60, 84.25],
[61, 84.5],
[62, 84.75],
[48, 85.5],
[55, 86.0],
[56, 86.25],
[59, 87.0],
[56, 87.25],
[53, 87.5],
[56, 87.75],
[53, 88.0],
[67, 88.75],
[62, 89.0],
[63, 89.25],
[62, 90.5],
[60, 91.25],
[58, 92.0],
[56, 92.25],
[50, 92.5],
[58, 92.75],
[56, 93.0],
[57, 93.25],
[55, 94.0],
[52, 94.25],
[53, 94.5],
[52, 94.75],
[50, 95.0],
[48, 95.25],
[53, 95.75],
[48, 96.0],
[55, 97.0],
[57, 98.0],
[58, 99.5],
[61, 100.25],
[62, 101.0],
[60, 103.0],
[59, 103.5],
[58, 103.75],
[56, 105.0],
[57, 106.0],
[56, 106.25],
[57, 106.5],
[56, 106.75],
[57, 107.0],
[55, 107.25],
[57, 107.75],
[55, 110.0],
[52, 110.25],
[50, 110.5],
[53, 112.25],
[54, 113.0],
[67, 113.5],
[63, 114.25],
[64, 115.0],
[65, 115.25],
[64, 115.5],
[63, 116.25],
[60, 116.75],
[57, 117.75],
[53, 120.75],
[57, 121.0],
[53, 121.25],
[61, 121.5],
[64, 122.0],
[62, 122.25],
[64, 123.25],
[55, 123.5],
[53, 123.75],
[55, 124.25],
[56, 124.75],
[59, 125.0],
[56, 125.5],
[52, 125.75],
[58, 126.25],
[54, 127.5],
[50, 127.75],
[56, 128.0],
[53, 128.25],
[55, 128.5],
[57, 129.0],
[52, 129.25],
[48, 130.0],
[36, 131.0],
[41, 131.75],
[45, 132.0],
[41, 133.0],
[46, 133.25],
[38, 133.5],
[45, 133.75],
[47, 134.25],
[40, 135.25],
[53, 136.25],
[51, 136.75],
[49, 137.0],
[48, 137.25],
[46, 137.5],
[44, 137.75],
[45, 138.0],
[41, 138.25],
[36, 139.0],
[38, 139.5],
[41, 140.75],
[38, 141.25],
[36, 141.5],
[41, 141.75],
[45, 142.0],
[41, 142.25],
[43, 142.5],
[46, 142.75],
[45, 143.0],
[40, 143.25],
[38, 143.5],
[36, 144.5],
[38, 144.75],
[36, 145.0],
[43, 146.0],
[40, 146.25],
[41, 146.5],
[43, 146.75],
[46, 147.0],
[45, 148.25],
[41, 149.25],
[36, 149.5],
[37, 149.75],
[38, 150.0],
[39, 150.25],
[40, 150.5],
[43, 150.75],
[44, 151.25],
[45, 151.75],
[43, 152.0],
[41, 152.25],
[36, 152.5],
[50, 152.75],
[57, 153.0],
[53, 153.25],
[48, 153.5],
[46, 153.75],
[44, 154.0],
[45, 154.5],
[41, 154.75],
[46, 155.5],
[44, 156.0],
[41, 156.25],
[46, 159.25],
[45, 159.5],
[41, 159.75],
[36, 160.25],
[50, 160.75],
[58, 161.0],
[56, 161.5],
[53, 161.75],
[40, 162.25],
[38, 162.5],
[36, 163.0],
[43, 163.25],
[40, 166.0],
[41, 166.25],
[39, 168.0],
[37, 168.25],
[40, 169.0],
[42, 169.25],
[44, 169.5],
[46, 169.75],
[47, 170.0],
[45, 170.25],
[40, 170.5],
[43, 170.75],
[38, 171.0],
[43, 171.25],
[49, 171.5],
[57, 172.75],
[50, 173.0],
[53, 173.75],
[56, 176.75],
[58, 177.5],
[59, 177.75],
[56, 179.75],
[53, 180.0],
[63, 180.25],
[61, 180.5],
[60, 181.0],
[58, 181.75],
[59, 182.0],
[56, 182.25],
[50, 182.5],
[58, 183.25],
[56, 183.5],
[57, 185.0],
[52, 185.25],
[48, 186.0],
[53, 186.25],
[48, 186.5],
[36, 186.75],
[41, 187.0],
[43, 187.25],
[44, 188.0],
[41, 188.5],
[44, 189.25],
[45, 189.75],
[41, 190.0],
[36, 190.25],
[41, 191.5],
[43, 194.5],
[40, 198.0],
[41, 198.5],
[36, 199.25],
[39, 199.5],
[43, 200.5],
[40, 201.0],
[41, 201.25],
[52, 201.5],
[50, 201.75],
[53, 202.0],
[54, 202.5],
[56, 202.75],
[57, 203.25],
[53, 204.25],
[57, 204.5],
[55, 204.75],
[52, 205.25],
[53, 205.5],
[49, 205.75],
[50, 206.5],
[53, 209.5],
[57, 209.75],
[53, 210.0],
[48, 210.5],
[52, 211.25],
[55, 211.5],
[45, 211.75],
[46, 212.0],
[42, 212.25],
[41, 213.25],
[39, 213.5],
[53, 213.75],
[63, 214.25],
[62, 215.75],
[60, 216.0],
[57, 216.25],
[52, 217.0],
[48, 218.0],
[64, 218.25],
[60, 219.0],
[65, 219.25],
[64, 219.5],
[63, 220.0],
[60, 220.75],
[57, 221.25],
[53, 221.5],
[48, 221.75],
[52, 224.0],
[36, 225.0],
[40, 225.25],
[52, 225.5],
[55, 225.75],
[53, 226.0],
[51, 226.25],
[49, 226.5],
[48, 226.75],
[47, 227.0],
[43, 227.25],
[46, 227.5],
[44, 228.5],
[41, 228.75],
[44, 229.0],
[45, 230.0],
[53, 230.75],
[48, 231.0],
[53, 231.25],
[48, 231.5],
[53, 231.75],
[46, 233.25],
[41, 233.75],
[46, 234.0],
[52, 234.75],
[48, 235.0],
[47, 235.75],
[43, 236.5],
[39, 236.75],
[46, 237.75],
[44, 238.0],
[45, 239.25],
[41, 239.5],
[50, 240.25],
[53, 241.0],
[50, 242.0],
[53, 242.25],
[57, 242.75],
[50, 243.5],
[53, 244.0],
[50, 244.25],
[43, 244.5],
[38, 244.75],
[45, 246.5],
[47, 247.25],
[45, 248.0],
[41, 249.75],
[36, 250.0],
[41, 250.5],
[45, 251.5],
[36, 251.75],
[37, 252.0],
[38, 253.5],
[36, 253.75],
[38, 256.25],
[36, 256.5],
[38, 256.75],
[41, 257.75],
[43, 258.0],
[44, 258.25],
[46, 258.75],
[47, 259.0],
[48, 259.5],
[49, 260.0],
[50, 260.5],
[53, 260.75],
[57, 261.0],
[45, 264.75],
[43, 265.0],
[41, 265.75],
[48, 266.0],
[56, 266.25],
[50, 266.5],
[58, 267.25],
[56, 267.5],
[57, 267.75],
[56, 268.25],
[57, 268.5],
[59, 271.75],
[66, 272.0],
[63, 272.25],
[53, 272.75],
[51, 273.5],
[62, 275.5],
[60, 275.75],
[62, 276.25],
[60, 277.0],
[57, 277.25],
[54, 277.5],
[53, 278.75],
[51, 279.0],
[49, 279.25],
[50, 280.5],
[53, 280.75],
[55, 281.0],
[56, 281.25],
[57, 281.5],
[55, 281.75],
[52, 282.25],
[54, 285.5],
[63, 286.0],
[60, 286.75],
[61, 287.0],
[62, 287.5],
[56, 288.25],
[55, 288.5],
[50, 288.75],
[56, 289.25],
[53, 290.0],
[40, 290.25],
[38, 290.5],
[63, 291.5],
[74, 292.5],
[72, 292.75],
[70, 293.25],
[67, 293.75],
[65, 297.25],
[64, 297.5],
[60, 297.75],
[67, 298.5],
[53, 298.75],
[63, 299.5],
[61, 299.75],
[60, 300.0],
[58, 300.25],
[55, 300.5],
[53, 300.75],
[55, 301.5],
[57, 301.75],
[53, 302.0],
[57, 302.75],
[53, 303.5],
[57, 303.75],
[53, 307.5],
[61, 307.75],
[64, 308.5],
[62, 308.75],
[52, 309.25],
[41, 309.5],
[40, 310.0],
[39, 310.75],
[43, 311.0],
[40, 311.25],
[41, 311.5],
[43, 312.0],
[55, 312.25],
[52, 312.5],
[53, 312.75],
[52, 313.5],
[50, 314.5],
[48, 314.75],
[49, 315.0],
[50, 315.25],
[51, 315.5],
[50, 316.0],
[48, 316.25],
[46, 316.5],
[43, 316.75],
[41, 317.0],
[38, 317.5],
[36, 317.75],
[38, 318.0],
[46, 318.25],
[40, 318.5],
[52, 318.75],
[55, 319.0],
[45, 319.25],
[46, 319.5],
[45, 319.75],
[41, 320.0],
[46, 321.0],
[45, 321.75],
[40, 322.0],
[52, 322.75],
[55, 324.0],
[53, 324.25],
[51, 324.5],
[50, 324.75],
[48, 325.25],
[45, 327.25],
[43, 327.5],
[41, 327.75],
[58, 328.25],
[53, 328.5],
[59, 329.75],
[53, 331.25],
[59, 332.25],
[62, 332.5],
[65, 333.25],
[68, 334.25],
[65, 334.5],
[57, 335.0],
[53, 335.25],
[57, 335.5],
[53, 335.75],
[69, 336.0],
[65, 336.75],
[60, 337.0],
[58, 337.5],
[59, 338.25],
[56, 338.5],
[53, 338.75],
[56, 339.0],
[58, 339.5],
[56, 340.25],
[58, 340.75],
[59, 341.25],
[56, 342.25],
[53, 342.5],
[67, 342.75],
[62, 344.0],
[63, 344.25],
[62, 344.5],
[59, 345.25],
[56, 345.5],
[53, 345.75],
[59, 348.0],
[56, 348.25],
[50, 348.5],
[58, 349.25],
[56, 349.5],
[50, 350.0],
[58, 351.0],
[40, 351.25],
[36, 351.5],
[62, 352.25],
[64, 352.5],
[55, 353.0],
[53, 353.75],
[50, 354.75],
[53, 355.75],
[57, 356.0],
[53, 356.75],
[48, 357.5],
[46, 358.25],
[44, 358.5],
[45, 358.75],
[46, 359.0],
[50, 359.25],
[48, 359.5],
[53, 360.25],
[50, 360.5],
[53, 360.75],
[55, 361.0],
[57, 361.5],
[53, 362.25],
[50, 362.75],
[53, 363.0],
[55, 363.75],
[56, 364.75],
[57, 365.0],
[56, 365.25],
[57, 366.25],
[53, 366.5],
[50, 366.75],
[44, 369.0],
[38, 370.75],
[41, 371.0],
[43, 371.75],
[46, 372.0],
[45, 372.25],
[40, 372.5],
[38, 373.75],
[36, 374.0],
[43, 374.5],
[40, 374.75],
[41, 375.25],
[38, 375.5],
[52, 376.5],
[53, 377.5],
[61, 378.25],
[64, 378.5],
[62, 378.75],
[53, 379.0],
[50, 379.5],
[48, 380.25],
[53, 380.5],
[48, 381.25],
[53, 381.5],
[58, 382.5],
[56, 382.75],
[57, 383.5],
[53, 384.25],
[48, 386.25],
[46, 388.25],
[44, 388.5],
[45, 388.75],
[41, 389.25],
[36, 389.5],
[41, 390.75],
[43, 391.0],
[41, 391.25],
[43, 391.5],
[42, 391.75],
[41, 392.25],
[39, 393.75],
[38, 394.75],
[36, 396.75],
[38, 397.0],
[41, 397.5],
[38, 397.75],
[47, 398.0],
[48, 398.5],
[49, 398.75],
[50, 400.75],
[57, 402.25],
[53, 405.0],
[50, 405.25],
[53, 405.5],
[57, 405.75],
[45, 406.0],
[40, 406.25],
[43, 406.5],
[41, 406.75],
[39, 407.0],
[53, 408.0],
[63, 408.5],
[62, 408.75],
[60, 409.0],
[57, 409.25],
[52, 409.5],
[49, 409.75],
[45, 410.0],
[41, 410.25],
[36, 410.5],
[45, 411.5],
[41, 412.75],
[36, 413.0],
[39, 413.75],
[43, 414.5],
[46, 414.75],
[47, 415.0],
[48, 416.0],
[49, 416.25],
[50, 416.5],
[38, 417.0],
[37, 417.25],
[57, 417.5],
[66, 418.25],
[69, 418.5],
[64, 419.25],
[65, 419.5],
[64, 422.5],
[63, 423.0],
[60, 423.5],
[53, 423.75],
[56, 424.25],
[58, 424.75],
[59, 425.0],
[56, 426.0],
[53, 427.0],
[63, 427.25],
[61, 427.75],
[60, 428.25],
[58, 428.75],
[55, 429.75],
[53, 430.0],
[48, 430.75],
[46, 431.0],
[42, 431.25],
[41, 431.5],
[39, 432.5],
[53, 433.0],
[63, 433.25],
[62, 433.75],
[48, 434.0],
[55, 434.75],
[56, 437.5],
[59, 438.25],
[56, 438.5],
[50, 438.75],
[58, 439.25],
[40, 439.5],
[36, 439.75],
[48, 440.5],
[50, 441.25],
[53, 441.5],
[54, 442.0],
[56, 442.75],
[48, 443.0],
[53, 443.75],
[46, 444.0],
[41, 444.25],
[43, 444.5],
[44, 444.75],
[45, 445.25],
[40, 445.5],
[41, 445.75],
[38, 446.5],
[36, 447.25],
[41, 447.75],
[43, 448.0],
[44, 448.25],
[38, 449.25],
[41, 449.5],
[48, 450.0],
[61, 450.25],
[62, 450.75],
[50, 451.0],
[53, 451.25],
[50, 451.5],
[52, 451.75],
[57, 452.5],
[55, 453.0],
[52, 453.25],
[50, 453.75],
[53, 454.0],
[51, 454.75],
[50, 455.75],
[48, 456.25],
[50, 456.5],
[53, 456.75],
[50, 457.25],
[43, 457.5],
[38, 458.25],
[45, 459.0],
[37, 459.75],
[57, 460.75],
[50, 461.0],
[53, 461.25],
[54, 461.5],
[56, 461.75],
[48, 462.25],
[53, 462.5],
[50, 462.75],
[53, 463.0],
[43, 463.25],
[46, 463.5],
[45, 463.75],
[53, 464.0],
[50, 464.25],
[49, 464.5],
[53, 464.75],
[55, 465.5],
[52, 465.75],
[54, 466.0],
[48, 466.25],
[50, 466.5],
[61, 468.25],
[60, 468.5],
[58, 468.75],
[59, 469.0],
[56, 469.5],
[55, 472.25],
[50, 472.5],
[56, 472.75],
[52, 473.0],
[51, 473.5],
[49, 474.75],
[50, 475.5],
[51, 475.75],
[50, 476.0],
[53, 476.5],
[57, 477.0],
[55, 477.25],
[52, 478.25],
[53, 480.0],
[52, 482.0],
[50, 482.25],
[48, 482.5],
[55, 482.75],
[46, 483.75],
[45, 484.75],
[53, 485.0],
[48, 485.25],
[45, 485.5],
[41, 485.75],
[48, 486.0],
[61, 486.25],
[62, 489.25],
[50, 489.5],
[53, 489.75],
[55, 490.25],
[57, 491.0],
[53, 492.0],
[50, 492.25],
[49, 492.5],
[52, 492.75],
[49, 493.0],
[45, 493.5],
[41, 494.5],
[36, 494.75],
[46, 495.0],
[41, 495.25],
[44, 495.5],
[41, 495.75],
[44, 496.25],
[41, 496.5],
[47, 496.75],
[44, 497.0],
[47, 497.5],
[40, 497.75],
[41, 498.0],
[38, 498.25],
[52, 498.5],
[53, 500.5],
[61, 501.25],
[64, 501.5],
[62, 502.25],
[64, 502.5],
[55, 503.25],
[53, 503.5],
[48, 505.5],
[45, 505.75],
[41, 506.0],
[36, 506.75],
[46, 507.5],
[41, 507.75],
[43, 508.0],
[41, 508.25],
[53, 508.75],
[51, 509.5],
[49, 509.75],
[50, 510.0],
[53, 510.25],
[56, 510.75],
[53, 512.0],
[48, 513.0],
[53, 513.25],
[48, 513.75],
[53, 514.25],
[48, 516.0],
[49, 516.75],
[50, 517.0],
[51, 517.25],
[52, 517.5],
[55, 518.5],
[53, 519.0],
[48, 519.25],
[55, 523.0],
[57, 523.25],
[55, 523.5],
[53, 523.75],
[51, 524.75],
[49, 525.0],
[50, 525.5],
[53, 525.75],
[56, 526.5],
[53, 527.5],
[55, 527.75],
[53, 528.0],
[51, 529.0],
[50, 529.5],
[48, 530.5],
[46, 530.75],
[44, 531.0],
[45, 531.75],
[46, 532.75],
[47, 533.0],
[48, 533.25],
[50, 534.0],
[48, 534.25],
[53, 534.5],
[50, 534.75],
[46, 535.25],
[42, 535.5],
[41, 535.75],
[52, 536.0],
[49, 537.0],
[45, 540.0],
[41, 540.25],
[36, 541.0],
[38, 541.25],
[41, 542.25],
[40, 542.5],
[39, 542.75],
[43, 544.0],
[40, 544.25],
[41, 544.75],
[52, 545.25],
[50, 545.5],
[48, 545.75],
[53, 546.5],
[50, 546.75],
[55, 547.0],
[52, 547.25],
[53, 548.25],
[49, 548.5],
[50, 548.75],
[51, 549.5],
[52, 550.25],
[58, 550.5],
[56, 550.75],
[53, 551.5],
[56, 552.25],
[53, 553.0],
[55, 553.25],
[48, 553.5],
[52, 553.75],
[36, 554.0],
[40, 554.25],
[43, 554.5],
[41, 554.75],
[50, 555.0],
[53, 555.25],
[51, 555.5],
[52, 555.75],
[51, 556.75],
[49, 557.25],
[56, 557.5],
[55, 557.75],
[53, 558.0],
[50, 558.25],
[53, 560.0],
[56, 561.0],
[53, 561.25],
[48, 561.5],
[46, 562.0],
[44, 562.25],
[45, 563.0],
[47, 563.25],
[40, 564.0],
[53, 564.25],
[51, 564.5],
[49, 565.25],
[48, 565.5],
[46, 565.75],
[44, 566.0],
[38, 566.5],
[45, 569.5],
[44, 569.75],
[43, 571.0],
[41, 571.5],
[58, 571.75],
[49, 572.0],
[50, 572.25],
[58, 572.5],
[53, 573.25],
[49, 573.5],
[53, 573.75],
[50, 574.5],
[53, 574.75],
[57, 575.25],
[53, 575.5],
[58, 575.75],
[57, 576.75],
[52, 577.0],
[51, 577.5],
[49, 577.75],
[50, 578.0],
[51, 578.25],
[52, 579.0],
[55, 579.75],
[45, 580.5],
[46, 580.75],
[47, 582.75],
[43, 583.0],
[46, 583.25],
[45, 584.0],
[46, 586.75],
[45, 587.0],
[53, 587.75],
[55, 588.5],
[56, 590.0],
[57, 590.5],
[52, 591.0],
[51, 591.75],
[49, 592.25],
[50, 592.75],
[57, 593.0],
[53, 593.25],
[57, 593.5],
[53, 593.75],
[58, 594.0],
[57, 594.25],
[52, 594.5],
[48, 594.75],
[44, 595.0],
[43, 595.25],
[41, 595.5],
[43, 596.0],
[46, 597.25],
[39, 597.5],
[45, 597.75],
[43, 598.0],
